Printing orignal matrix
-6.1540708193e+05 -8.0434199720e+05 1.7194859396e+05 -5.2132044704e+05 -8.1734312024e+04 -3.9589076253e+05 
-9.3938081925e+05 -8.9726351675e+05 8.1921678830e+05 1.3242039212e+05 4.6761482456e+04 -8.5551009558e+05 
-9.5797739983e+04 8.6276282493e+05 -1.1441821852e+05 -4.4703411747e+05 2.4951801408e+05 6.2985462346e+05 
2.9534645273e+05 -2.7635182781e+05 4.8880382008e+05 -3.0734410519e+05 1.7141804651e+05 3.0470767202e+05 
6.9186034860e+05 -1.4460135263e+05 -7.3742063642e+05 2.9241856626e+05 -1.9653446956e+05 -4.1636439815e+05 
Diagnal Value: 615407.081934
Should swap row 0 with row 4
Printing matrix after first swap
6.9186034860e+05 -1.4460135263e+05 -7.3742063642e+05 2.9241856626e+05 -1.9653446956e+05 -4.1636439815e+05 
-9.3938081925e+05 -8.9726351675e+05 8.1921678830e+05 1.3242039212e+05 4.6761482456e+04 -8.5551009558e+05 
-9.5797739983e+04 8.6276282493e+05 -1.1441821852e+05 -4.4703411747e+05 2.4951801408e+05 6.2985462346e+05 
2.9534645273e+05 -2.7635182781e+05 4.8880382008e+05 -3.0734410519e+05 1.7141804651e+05 3.0470767202e+05 
-6.1540708193e+05 -8.0434199720e+05 1.7194859396e+05 -5.2132044704e+05 -8.1734312024e+04 -3.9589076253e+05 
multiplier: -1.357761
multiplier: -0.138464
multiplier: 0.426887
multiplier: -0.889496
Printing matrix after elimination
6.9186034860e+05 -1.4460135263e+05 -7.3742063642e+05 2.9241856626e+05 -1.9653446956e+05 -4.1636439815e+05 
0.0000000000e+00 -1.0935975564e+06 -1.8202400108e+05 5.2945484119e+05 -2.2008530448e+05 -1.4208333291e+06 
0.0000000000e+00 8.4274074561e+05 -2.1652441745e+05 -4.0654467790e+05 2.2230506851e+05 5.7220315025e+05 
0.0000000000e+00 -2.1462333499e+05 8.0359938479e+05 -4.3217390131e+05 2.5531613164e+05 4.8244837978e+05 
0.0000000000e+00 -9.3296433644e+05 -4.8398418631e+05 -2.6121527274e+05 -2.5655095625e+05 -7.6624527093e+05 
Diagnal Value: 1093597.556377
multiplier: -0.770613
multiplier: 0.196254
multiplier: 0.853115
Printing matrix after elimination
6.9186034860e+05 -1.4460135263e+05 -7.3742063642e+05 2.9241856626e+05 -1.9653446956e+05 -4.1636439815e+05 
0.0000000000e+00 -1.0935975564e+06 -1.8202400108e+05 5.2945484119e+05 -2.2008530448e+05 -1.4208333291e+06 
0.0000000000e+00 0.0000000000e+00 -3.5679452093e+05 1.4602275879e+03 5.2704421072e+04 -5.2270981129e+05 
0.0000000000e+00 0.0000000000e+00 8.3932239636e+05 -5.3608174481e+05 2.9850884156e+05 7.6129317583e+05 
0.0000000000e+00 0.0000000000e+00 -3.2869680440e+05 -7.1290107041e+05 -6.8792910471e+04 4.4588876904e+05 
Diagnal Value: 356794.520930
Should swap row 2 with row 3
Printing matrix after first swap
6.9186034860e+05 -1.4460135263e+05 -7.3742063642e+05 2.9241856626e+05 -1.9653446956e+05 -4.1636439815e+05 
0.0000000000e+00 -1.0935975564e+06 -1.8202400108e+05 5.2945484119e+05 -2.2008530448e+05 -1.4208333291e+06 
0.0000000000e+00 0.0000000000e+00 8.3932239636e+05 -5.3608174481e+05 2.9850884156e+05 7.6129317583e+05 
0.0000000000e+00 0.0000000000e+00 -3.5679452093e+05 1.4602275879e+03 5.2704421072e+04 -5.2270981129e+05 
0.0000000000e+00 0.0000000000e+00 -3.2869680440e+05 -7.1290107041e+05 -6.8792910471e+04 4.4588876904e+05 
multiplier: -0.425098
multiplier: -0.391622
Printing matrix after elimination
6.9186034860e+05 -1.4460135263e+05 -7.3742063642e+05 2.9241856626e+05 -1.9653446956e+05 -4.1636439815e+05 
0.0000000000e+00 -1.0935975564e+06 -1.8202400108e+05 5.2945484119e+05 -2.2008530448e+05 -1.4208333291e+06 
0.0000000000e+00 0.0000000000e+00 8.3932239636e+05 -5.3608174481e+05 2.9850884156e+05 7.6129317583e+05 
0.0000000000e+00 0.0000000000e+00 0.0000000000e+00 -2.2642720893e+05 1.7960002112e+05 -1.9908537908e+05 
0.0000000000e+00 0.0000000000e+00 0.0000000000e+00 -9.2284227677e+05 4.8109608434e+04 7.4402764296e+05 
Diagnal Value: 226427.208930
multiplier: 4.075669
Printing matrix after elimination
6.9186034860e+05 -1.4460135263e+05 -7.3742063642e+05 2.9241856626e+05 -1.9653446956e+05 -4.1636439815e+05 
0.0000000000e+00 -1.0935975564e+06 -1.8202400108e+05 5.2945484119e+05 -2.2008530448e+05 -1.4208333291e+06 
0.0000000000e+00 0.0000000000e+00 8.3932239636e+05 -5.3608174481e+05 2.9850884156e+05 7.6129317583e+05 
0.0000000000e+00 0.0000000000e+00 0.0000000000e+00 -2.2642720893e+05 1.7960002112e+05 -1.9908537908e+05 
0.0000000000e+00 0.0000000000e+00 0.0000000000e+00 0.0000000000e+00 -6.8388056704e+05 1.5554336810e+06 
-395890.762535 -855510.095581 629854.623463 304707.672017 -416364.398145 
norm: 0.000000
User CPU Time: 0.000000
System CPU Time: 0.000000
Max Resident Set: 2672
Minor Page Faults: 118
Major Page Faults: 0
l^2-norm: 5.8497975238e-10
